BE:
rf: 2 3 4 5 6 7 8 9 10 11 12 13
wp: 2 3 4 5 6 7 8 9 10 11 12 13 15 16 17 18 19 20
wpaw: 2 3 4 5 6 7 8 9 10 11 12 13 ( 15 16 17 18 19 20 ) x 7

CH:
wpwl: 2 3 4 5 6 8 9 10 (18) d 7

DE:
rf: 2 3 4 5 6 7 8 9 10 11 12 13
wp: 2 3 4 5 6 7 8 9 10 11 12 13 21 14 15 16 18 19 20
wpwl: 2 3 4 5 6 7 8 9 10 11 12 13 ( 21 14 15 16 18 19 20 ) d 7
wpaw: 2 3 4 5 6 7 8 9 10 11 12 13 ( 21 14 15 16 18 19 20 ) x 7

FR:
rf: 2 3 4 5 6 7 8 9 10 11 12 13
wp: 2 3 4 5 6 7 8 9 10 11 12 13 15 16 17 18 20
wpwl: 2 3 4 5 6 7 8 9 10 11 12 13 ( 15 16 17 18 20 ) d 7
wpaw: 2 3 4 5 6 7 8 9 10 11 12 13 ( 15 16 17 18 20 ) x 7

IT:
rf: 2 3 4 5 6 7 8 9 10 11 12 13
wp: 2 3 4 5 6 7 8 9 10 11 12 13 14 15 16 17 19 20
wpwl: 2 3 4 5 6 7 8 9 10 11 12 13 ( 14 15 16 17 19 20 ) d 7
wpaw: 2 3 4 5 6 7 8 9 10 11 12 13 ( 14 15 16 17 19 20 ) x 7

NL:
rf: 2 3 4 5 7 8 9 10 12
wp: 2 3 4 5 7 8 9 10 12 15 18
wpwl: 2 3 4 5 7 8 9 10 12 ( 15 18 ) d 7
wpaw: 2 3 4 5 7 8 9 10 12 ( 15 18 ) x 7