10,4,13
1.1 2.0 14 -1 2 6 7.2 8.4 9 0.3 = 2 1 7 4
1.1 2.0 14 -1 2 6 7.2 8.4 9 0.3 = 2 1 7 4
1.1 2.0 14 -1 2 6 7.2 8.4 9 0.3 = 2 1 7 4
1.1 2.0 14 -1 2 6 7.2 8.4 9 0.3 = 2 1 7 4
1.1 2.0 14 -1 2 6 7.2 8.4 9 0.3 = 2 1 7 4
1.1 2.0 14 -1 2 6 7.2 8.4 9 0.3 = 2 1 7 4
1.1 2.0 14 -1 2 6 7.2 8.4 9 0.3 = 2 1 7 4
1.1 2.0 14 -1 2 6 7.2 8.4 9 0.3 = 2 1 7 4
1.1 2.0 14 -1 2 6 7.2 8.4 9 0.3 = 2 1 7 4
1.1 2.0 14 -1 2 6 7.2 8.4 9 0.3 = 2 1 7 4
1.1 2.0 14 -1 2 6 7.2 8.4 9 0.3 = 2 1 7 4
1.1 2.0 14 -1 2 6 7.2 8.4 9 0.3 = 2 1 7 4
1.1 2.0 14 -1 2 6 7.2 8.4 9 0.3 = 2 1 7 4